0.0	1129639
1000000.0	1
10051.0	1
103.0	2
108.0	2
11.0	1726200
11005.0	1
117.0	3
11800318.0	1
12000004.0	1
12000018.0	1
121.0	1
126.0	2
130.0	3
1300.0	1
1314.0	1
135.0	1
1350.0	1
14005103.0	1
1415003.0	1
1440.0	1
1466710.0	1
146802.0	1
1486.0	1
150005.0	1
1503180.0	1
153.0	1
1533180.0	1
1567.0	2
158.0	1
16.0	387241
162.0	2
167.0	5
171.0	3
176.0	5
180.0	3
1800.0	1
185.0	5
194.0	5
199.0	2
20.0	413025
2002.0	1
2005023.0	1
202.0	5
207.0	3
2100508.0	2
211.0	1
2150400.0	1
216.0	1
220.0	5
225.0	2
23005.0	1
239.0	2
25.0	23445
2840.0	1
2840000.0	2
290052.0	1
3005014.0	1
301.0	4
306.0	1
3100300.0	1
324.0	1
33180.0	1
3318000.0	2
3331800.0	1
34.0	3234
350051.0	1
351.0	1
39.0	1527
400.0	2
4000.0	1
4000500.0	1
40051.0	1
4203747.0	1
43.0	841
450.0	1
48.0	509
4901.0	1
5.0	8365775
5000000.0	2
500332.0	1
5005073.0	1
504.0	1
5054.0	1
50634.0	1
5073284.0	1
512332.0	2
5143318.0	1
518.0	1
52.0	395
522133.0	1
527.0	1
5331800.0	2
5500511.0	1
57.0	254
6000000.0	1
600501.0	1
61.0	162
6331800.0	2
653.0	1
66.0	109
667.0	1
6675.0	2
6746833.0	1
6747.0	1
6800001.0	1
6800006.0	1
6805033.0	1
70.0	109
700504.0	1
702.0	1
73024.0	1
746807.0	1
75.0	71
7520503.0	1
800002.0	1
8001.0	1
8005053.0	1
801.0	2
8083.0	1
810.0	1
8140050.0	1
833180.0	1
8331800.0	2
84.0	74
8600.0	1
89.0	27
9000.0	1
93.0	19
95802.0	1
98.0	33
