1000512.0	1
100052.0	1
1001.0	1
101.0	5
106.0	3
110.0	2
110051.0	1
115.0	1
11800000.0	2
11800005.0	1
12000002.0	1
1231800.0	1
124.0	3
12746800.0	1
129.0	1
13005043.0	1
1321.0	1
133.0	1
1331800.0	2
1332840.0	1
138.0	2
14.0	450620
142.0	4
14686.0	1
147.0	1
1484.0	1
151.0	1
156.0	2
160.0	5
1600.0	1
1600000.0	1
165.0	2
1650.0	1
174.0	5
179.0	6
183.0	1
188.0	5
19.0	706740
192.0	4
200.0	5
205.0	1
214.0	2
2140.0	1
219.0	1
223.0	3
23.0	79431
237.0	1
246.0	1
250.0	1
255.0	1
273.0	1
28.0	12498
3.0	28710809
3009.0	1
3108.0	1
318.0	7
3180.0	1
318117.0	1
32.0	4402
331.0	1
336.0	1
37.0	2468
41.0	1143
4200180.0	1
4206.0	1
43004.0	1
4500000.0	1
46.0	563
50.0	461
500501.0	1
502.0	1
5043318.0	2
50434.0	1
50533.0	1
50934.0	1
511.0	1
515332.0	1
515567.0	1
55.0	292
582332.0	1
60000.0	1
600004.0	1
60050.0	1
601.0	3
6231800.0	1
63318.0	1
64.0	130
6746133.0	1
674688.0	1
6747240.0	1
6752050.0	1
6800040.0	1
6805400.0	1
6823007.0	1
69.0	88
72005.0	1
73.0	77
733180.0	1
7473013.0	1
77005.0	1
78.0	54
8.0	2280701
800000.0	1
8000001.0	1
8000015.0	1
800005.0	1
8000079.0	1
80001.0	1
8050633.0	1
8095.0	1
82.0	73
863.0	1
87.0	44
8800004.0	1
91.0	39
917.0	1
96.0	40
98005.0	1
