1.0	40900117
1000510.0	1
104.0	1
1040.0	1
110284.0	1
113.0	2
118.0	1
12.0	1199924
12000000.0	1
120001.0	1
12000104.0	1
12005.0	1
122.0	2
127.0	1
12730.0	1
13005023.0	1
1300507.0	1
1301.0	1
131.0	1
135005.0	1
140.0	1
1400514.0	1
1420051.0	1
145.0	2
14680010.0	1
147005.0	1
14823.0	1
15331800.0	1
154.0	1
15683.0	1
159.0	1
163.0	5
168.0	4
17.0	638484
170052.0	1
172.0	5
177.0	8
180051.0	1
181.0	5
186.0	5
190.0	6
195.0	1
203.0	1
208.0	3
21.0	276164
212.0	3
217.0	5
221.0	2
226.0	1
249.0	1
25400.0	1
26.0	16986
2600510.0	1
276.0	1
288704.0	1
29005.0	1
30.0	7284
3008332.0	1
302.0	1
3180000.0	6
3200.0	1
3300507.0	1
330051.0	1
35.0	3023
366.0	1
3674720.0	1
38005.0	1
401.0	3
406.0	1
438.0	1
44.0	753
442.0	2
45000.0	2
479.0	1
49.0	458
500.0	22
5000.0	2
5005.0	1
501332.0	2
5031800.0	1
5064.0	1
50734.0	1
50833.0	1
51233.0	1
5123318.0	2
53.0	334
537.0	1
58.0	217
5901.0	1
6.0	5248954
600101.0	1
6005123.0	1
62.0	152
6380051.0	1
6405.0	1
67.0	110
6746929.0	1
6748.0	1
71.0	80
7454.0	1
7468.0	1
76.0	58
80.0	66
8000004.0	2
8000013.0	1
8101.0	1
8214.0	1
85.0	52
901.0	1
94.0	34
99.0	31
