10.0	2072906
1000031.0	1
100503.0	1
102.0	1
1048.0	1
107.0	2
111.0	3
116.0	1
11800001.0	2
120.0	5
1200011.0	1
1200507.0	2
12201.0	1
1230084.0	1
1232.0	1
134.0	2
13480170.0	1
143.0	1
14501.0	1
148.0	2
148011.0	1
15.0	354352
15038005.0	1
152.0	1
157.0	3
1575.0	1
161.0	2
166.0	3
170.0	7
175.0	6
184.0	2
189.0	2
193.0	6
198.0	2
200506.0	1
201.0	2
206.0	2
210.0	4
22005.0	1
224.0	3
2300000.0	1
233.0	1
238.0	1
24.0	37600
2501.0	1
260.0	1
28400.0	3
29.0	11741
297.0	1
30083.0	1
305.0	1
314.0	1
318000.0	5
33.0	3832
350.0	1
350000.0	1
3666747.0	1
38.0	1900
4.0	14934180
40005.0	1
42.0	1107
4202.0	1
427.0	1
445.0	1
463.0	1
47.0	505
4700507.0	1
486.0	1
50034.0	3
5005013.0	1
50133.0	1
5023318.0	1
503.0	1
5053.0	1
51.0	456
51033.0	1
515329.0	1
51533.0	1
530.0	1
533180.0	4
56.0	272
60.0	198
602.0	1
6208421.0	1
65.0	127
666746.0	1
667470.0	1
670052.0	1
675.0	1
6752506.0	1
6900508.0	1
7000511.0	1
7250033.0	1
74.0	75
79.0	63
800.0	2
8000.0	1
8000002.0	1
8000007.0	1
8000011.0	1
8000052.0	1
8000601.0	1
8004701.0	1
8005.0	2
80052.0	1
8046.0	1
83.0	60
83180.0	1
832.0	1
8400001.0	1
855.0	1
86029.0	1
88.0	39
8810002.0	1
9.0	2098695
92.0	45
97.0	28
